********************************************************************************
SetName: NMCPD
Author: Emanuele R. Nocera enocera@nikhef.nl
Date: January 2020
CodesUsed: APFEL + validphys
TheoryInput: NNPDF3.1 alphas(MZ)=0.118
PDFset: NNPDF31_nnlo_as_0118_global_deut
Warnings:
********************************************************************************
1.00000	0.00000
1.00000	0.00000
1.00000	0.00000
1.00000	0.00000
1.00000	0.00000
1.00000	0.00000
1.00000	0.00000
1.00000	0.00000
1.00000	0.00000
1.00000	0.00000
1.00000	0.00000
1.00000	0.00000
1.00000	0.00000
1.00000	0.00000
1.00000	0.00000
1.00000	0.00000
1.00000	0.00000
1.00000	0.00000
1.00000	0.00000
1.00000	0.00000
1.00000	0.00000
1.00000	0.00000
1.00000	0.00000
1.00000	0.00000
1.00000	0.00000
1.00000	0.00000
1.00000	0.00000
1.00000	0.00000
1.00000	0.00000
1.00000	0.00000
1.00000	0.00000
1.00000	0.00000
1.00000	0.00000
1.00000	0.00000
1.00000	0.00000
1.00000	0.00000
1.00000	0.00000
1.00000	0.00000
1.00000	0.00000
1.00000	0.00000
1.00000	0.00000
1.00000	0.00000
1.00000	0.00000
1.00000	0.00000
1.00000	0.00000
1.00000	0.00000
1.00000	0.00000
1.00000	0.00000
1.00000	0.00000
1.00000	0.00000
1.00000	0.00000
1.00000	0.00000
1.00000	0.00000
1.00000	0.00000
1.00000	0.00000
1.00000	0.00000
1.00000	0.00000
1.00000	0.00000
1.00000	0.00000
1.00000	0.00000
1.00000	0.00000
1.00000	0.00000
1.00000	0.00000
1.00000	0.00000
1.00000	0.00000
1.00000	0.00000
1.00000	0.00000
1.00000	0.00000
1.00000	0.00000
1.00000	0.00000
1.00000	0.00000
1.00000	0.00000
1.00000	0.00000
1.00000	0.00000
1.00000	0.00000
1.00000	0.00000
1.00000	0.00000
1.00000	0.00000
1.00000	0.00000
1.00000	0.00000
1.00000	0.00000
1.00000	0.00000
1.00000	0.00000
1.00000	0.00000
1.00000	0.00000
1.00000	0.00000
1.00000	0.00000
1.00000	0.00000
1.00000	0.00000
1.00000	0.00000
1.00000	0.00000
1.00000	0.00000
1.00000	0.00000
1.00000	0.00000
1.00000	0.00000
1.00000	0.00000
1.00000	0.00000
1.00000	0.00000
1.00000	0.00000
1.00000	0.00000
1.00000	0.00000
1.00000	0.00000
1.00000	0.00000
1.00000	0.00000
1.00000	0.00000
1.00000	0.00000
1.00000	0.00000
1.00000	0.00000
1.00000	0.00000
1.00000	0.00000
1.00000	0.00000
1.00000	0.00000
1.00000	0.00000
1.00000	0.00000
1.00000	0.00000
1.00000	0.00000
1.00000	0.00000
1.00000	0.00000
1.00000	0.00000
1.00000	0.00000
1.00000	0.00000
1.00000	0.00000
1.00000	0.00000
1.00000	0.00000
1.00000	0.00000
1.00000	0.00000
1.00000	0.00000
1.00000	0.00000
1.00000	0.00000
1.00000	0.00000
1.00000	0.00000
1.00000	0.00000
1.00000	0.00000
1.00000	0.00000
1.00000	0.00000
1.00000	0.00000
1.00000	0.00000
1.00000	0.00000
1.00000	0.00000
1.00000	0.00000
1.00000	0.00000
1.00000	0.00000
1.00000	0.00000
1.00000	0.00000
1.00000	0.00000
1.00000	0.00000
1.00000	0.00000
1.00000	0.00000
1.00000	0.00000
1.00000	0.00000
1.00000	0.00000
1.00000	0.00000
1.00000	0.00000
1.00000	0.00000
1.00000	0.00000
1.00000	0.00000
1.00000	0.00000
1.00000	0.00000
1.00000	0.00000
1.00000	0.00000
1.00000	0.00000
1.00000	0.00000
1.00000	0.00000
1.00000	0.00000
1.00000	0.00000
1.00000	0.00000
1.00000	0.00000
1.00000	0.00000
1.00000	0.00000
1.00000	0.00000
1.00000	0.00000
1.00000	0.00000
1.00000	0.00000
1.00000	0.00000
1.00000	0.00000
1.00000	0.00000
1.00000	0.00000
1.00000	0.00000
1.00000	0.00000
1.00000	0.00000
1.00000	0.00000
1.00000	0.00000
1.00000	0.00000
1.00000	0.00000
1.00000	0.00000
1.00000	0.00000
1.00000	0.00000
1.00000	0.00000
1.00000	0.00000
1.00000	0.00000
1.00000	0.00000
1.00000	0.00000
1.00000	0.00000
1.00000	0.00000
1.00000	0.00000
1.00000	0.00000
1.00000	0.00000
1.00000	0.00000
1.00000	0.00000
1.00000	0.00000
1.00000	0.00000
1.00000	0.00000
1.00000	0.00000
1.00000	0.00000
1.00000	0.00000
1.00000	0.00000
1.00000	0.00000
1.00000	0.00000
1.00000	0.00000
1.00000	0.00000
1.00000	0.00000
1.00000	0.00000
1.00000	0.00000
1.00000	0.00000
1.00000	0.00000
1.00000	0.00000
1.00000	0.00000
1.00000	0.00000
1.00000	0.00000
1.00000	0.00000
1.00000	0.00000
1.00000	0.00000
1.00000	0.00000
1.00000	0.00000
1.00000	0.00000
1.00000	0.00000
1.00000	0.00000
1.00000	0.00000
1.00000	0.00000
1.00000	0.00000
1.00000	0.00000
1.00000	0.00000
1.00000	0.00000
1.00000	0.00000
1.00000	0.00000
1.00000	0.00000
1.00000	0.00000
1.00000	0.00000
1.00000	0.00000
1.00000	0.00000
1.00000	0.00000
1.00000	0.00000
1.00000	0.00000
1.00000	0.00000
1.00000	0.00000
1.00000	0.00000
1.00000	0.00000
1.00000	0.00000
1.00000	0.00000
1.00000	0.00000
1.00000	0.00000
1.00000	0.00000
1.00000	0.00000
1.00000	0.00000
1.00000	0.00000
1.00000	0.00000
1.00000	0.00000
1.00000	0.00000
1.00000	0.00000
1.00000	0.00000