0.5	1.0423053341508277	0.020182774673577607	-0.020182774673577607	0.12880647350557953	-0.11966901006284575
1.5	1.1486486486486487	0.014470186107166142	-0.014470186107166142	0.11039681691310314	-0.1057352864632601
2.5	1.2928759894459103	0.015407828575183684	-0.015407828575183684	0.10791724060551716	-0.10443420831242686
3.5	1.3612244897959185	0.01809859086213655	-0.01809859086213655	0.10747920204951103	-0.10259203301667626
4.5	1.4829268292682927	0.024290668896751945	-0.024290668896751945	0.11673389510642067	-0.11376496619576959
5.5	1.480728051391863	0.03315154315380674	-0.03315154315380674	0.12137643428869511	-0.11272191069417258
6.5	1.6439909297052153	0.04777639484631455	-0.04777639484631455	0.13549151889300168	-0.12568393708956813
7.5	1.6593886462882095	0.06693127551878332	-0.06693127551878332	0.1505704524319318	-0.13770030714939357
0.5	1.060698957694666	0.010443570982595981	-0.010443570982595981	0.08298926394085092	-0.08566746963962435
1.5	1.135135135135135	0.006814366675995388	-0.006814366675995388	0.08119515808518235	-0.09127026266746019
2.5	1.2286719437115214	0.010330829084225786	-0.010330829084225786	0.0890057693210625	-0.09560387268782605
3.5	1.2408163265306122	0.013009144014269409	-0.013009144014269409	0.09130883663005858	-0.09243041041189413
4.5	1.2682926829268293	0.015757128500790772	-0.015757128500790772	0.10087464629086015	-0.09214950903625803
5.5	1.2676659528907923	0.024879229626840263	-0.024879229626840263	0.10228549906220931	-0.09599509951131599
6.5	1.3219954648526078	0.036743191588468595	-0.036743191588468595	0.10870297269430117	-0.10145645860938128
7.5	1.4104803493449782	0.05549173539626348	-0.05549173539626348	0.134615472900691	-0.11220395186718313
0.5	0.8369098712446352	0.011361289683485674	-0.011361289683485674	0.06689564319644468	-0.0654758431415633
1.5	0.8288288288288288	0.005850581872259337	-0.005850581872259337	0.06095608681724927	-0.06353137579628602
2.5	0.810905892700088	0.008627284696380527	-0.008627284696380527	0.06312151009246549	-0.06150264086579059
3.5	0.773469387755102	0.010320171935306805	-0.010320171935306805	0.060829347606366956	-0.05825840084251565
4.5	0.7297560975609757	0.013287804741690572	-0.013287804741690572	0.05953145040705873	-0.05174972862418505
5.5	0.708779443254818	0.020157622378838648	-0.020157622378838648	0.06605194803970678	-0.054915051129022466
6.5	0.600907029478458	0.025779453859209864	-0.025779453859209864	0.07338094355681221	-0.05820059098173027
7.5	0.5502183406113537	0.042748899519359916	-0.042748899519359916	0.11574124366871714	-0.08458134250900677
0.5	0.5965665236051502	0.015464088669226652	-0.015464088669226652	0.05826962139700985	-0.055021455971992886
1.5	0.586036036036036	0.009820892407259234	-0.009820892407259234	0.04698438457476763	-0.04764247827811813
2.5	0.5206684256816183	0.010191806283490952	-0.010191806283490952	0.041567748655839405	-0.040301061545114744
3.5	0.44081632653061226	0.0127627086771215	-0.0127627086771215	0.04354930216784799	-0.039649095776016705
4.5	0.4195121951219512	0.01993681985421558	-0.01993681985421558	0.07718155845659432	-0.05742833999030212
5.5	0.20877944325481798	0.030141485677240933	-0.030141485677240933	0.07289666208036709	-0.04513692838199552
1.5	1.015625	0.03468838381461037	-0.03468838381461037	0.18065732931813205	-0.1528572290077145
2.5	1.2033542976939202	0.01840004011094522	-0.01840004011094522	0.16002271367284457	-0.14281311376260203
3.5	1.3333333333333333	0.020077953397894473	-0.020077953397894473	0.1447841809649699	-0.14857176773804726
4.5	1.4972677595628414	0.026356402303217636	-0.026356402303217636	0.14912134985512066	-0.16481286603885498
5.5	1.5254237288135593	0.032410531783943486	-0.032410531783943486	0.15022458668228114	-0.15498870287761243
6.5	1.5666666666666667	0.044739384180502446	-0.044739384180502446	0.1565826956900703	-0.15836974956163716
7.5	1.7647058823529413	0.06430191189945338	-0.06430191189945338	0.1764877178667037	-0.1895666647901869
0.5	1.2714776632302405	0.14252267047649708	-0.14252267047649708	0.23001997240116676	-0.23000937009762995
1.5	1.0524553571428572	0.014589849281983898	-0.014589849281983898	0.12510478002523256	-0.12090651221365721
2.5	1.169811320754717	0.01115574413067283	-0.01115574413067283	0.11937578408812882	-0.12445290342558099
3.5	1.2190476190476192	0.0111535125056316	-0.0111535125056316	0.10819809571499733	-0.12885956347910385
4.5	1.2448087431693988	0.01641213700471519	-0.01641213700471519	0.11461071247172755	-0.12375267902128435
5.5	1.3099273607748185	0.02150711890426805	-0.02150711890426805	0.12109619940182072	-0.12747898114196873
6.5	1.2571428571428571	0.030597426496589055	-0.030597426496589055	0.12089911057280217	-0.12332873681451147
7.5	1.317261330761813	0.04168368968721379	-0.04168368968721379	0.126350820301429	-0.13290542799564992
0.5	1.006872852233677	0.09289315704994608	-0.09289315704994608	0.16947352523270853	-0.14751291491494967
1.5	0.7823660714285714	0.011336461507557056	-0.011336461507557056	0.09373285003520415	-0.07728428731650418
2.5	0.7882599580712788	0.008008326432844456	-0.008008326432844456	0.08622530390704104	-0.07180472429789732
3.5	0.7619047619047619	0.005986566341244484	-0.005986566341244484	0.07296409482261082	-0.07296409482261082
4.5	0.7125683060109289	0.011205679361902136	-0.011205679361902136	0.06814455061674754	-0.06682192001230391
5.5	0.7021791767554479	0.014793057403685042	-0.014793057403685042	0.06790701782533116	-0.06672613594312578
6.5	0.5947619047619048	0.01976039441944815	-0.01976039441944815	0.06205876224813883	-0.05700248190041161
7.5	0.6682738669238187	0.03061801873931207	-0.03061801873931207	0.07683688165924378	-0.06831799863069965
1.5	0.6049107142857143	0.015481591820235962	-0.015481591820235962	0.07686215164831178	-0.06669401567500036
2.5	0.5241090146750523	0.009010337880481481	-0.009010337880481481	0.056915477072259614	-0.052409951318530906
3.5	0.48857142857142855	0.00934195670727239	-0.00934195670727239	0.05084893816464268	-0.04904429022453192
4.5	0.42185792349726775	0.012717813196960364	-0.012717813196960364	0.04349800957273628	-0.03997975605923275
5.5	0.36803874092009686	0.01987631154601577	-0.01987631154601577	0.0440647879409138	-0.0396196412160743
6.5	0.3376190476190476	0.033013357408336885	-0.033013357408336885	0.04589423654178432	-0.04141252501986613
1.5	0.8277777777777778	0.13828979932240704	-0.13742687640073395	0.2296286775667241	-0.1688980260686209
2.5	1.21875	0.0770373558507715	-0.0770373558507715	0.2572261675346208	-0.2063355918789928
3.5	1.326963906581741	0.0764386490130109	-0.0764386490130109	0.221361024095538	-0.18234531172132512
4.5	1.3185840707964602	0.08463154631284127	-0.08463154631284127	0.18103496648542589	-0.17628774702941324
5.5	1.1869565217391305	0.09668149332571209	-0.09319702486026592	0.16694123571327274	-0.1529545534764825
6.5	1.7437722419928825	0.18296034316335943	-0.18296034316335943	0.2560346864594067	-0.22033306163609978
7.5	2.10412147505423	0.28008114848874915	-0.28008114848874915	0.3215354457719056	-0.2806069983401
1.5	1.1555555555555557	0.10135571266968056	-0.09904207013567337	0.18197061822857857	-0.17227956034765193
2.5	1.2232142857142858	0.05231343000363499	-0.05231343000363499	0.16097365871833455	-0.15904060314153604
3.5	1.3163481953290872	0.059670263410122534	-0.059670263410122534	0.16564962676128395	-0.1569074151525446
4.5	1.263274336283186	0.0669977589277444	-0.0669977589277444	0.16037532531101936	-0.1530509026040546
5.5	0.9478260869565219	0.06589550202872163	-0.06589550202872163	0.12572962860243653	-0.11381950350415553
6.5	1.5539739027283512	0.14855313065460501	-0.14855313065460501	0.22516036441796333	-0.18351357335322094
7.5	1.3926247288503253	0.17432960304953707	-0.17432960304953707	0.21847756701364923	-0.16461382798740912
1.5	0.7027777777777778	0.0780882347572454	-0.07698233908363653	0.11690562865687781	-0.09880028802377172
2.5	0.6517857142857143	0.033650293909173935	-0.033650293909173935	0.09263958833784776	-0.07698293904899081
3.5	0.8036093418259024	0.042531912736270855	-0.042531912736270855	0.108943113957059	-0.09103278705404667
4.5	0.6216814159292036	0.04319669963938807	-0.04319669963938807	0.08564593101983055	-0.07196565568082547
5.5	0.5913043478260871	0.051866219623640186	-0.051866219623640186	0.08486172451308421	-0.06836192191528705
6.5	0.6951364175563464	0.09251510917245118	-0.09251510917245118	0.11441859580864804	-0.08890271811162091
7.5	0.7006507592190889	0.12011958031452535	-0.12011958031452535	0.14674463526360174	-0.10329745269149727
2.5	0.4151785714285715	0.04648997679171103	-0.04648997679171103	0.07840239670387517	-0.06410980736302374
3.5	0.47664543524416136	0.04709921775115158	-0.04709921775115158	0.07188465227552615	-0.05854974884272847
4.5	0.42920353982300885	0.05578055712365544	-0.05578055712365544	0.06874854634780968	-0.0531061600352053
5.5	0.33913043478260874	0.06720396733991894	-0.06720396733991894	0.062227097957616856	-0.0446618066952461
