H1_DIS_JETS_HQ	14	24
   1	JET	7.500000000000e-01	1.210000000000e+02	3.190000000000e+02	7.060000000000e+01	2.700000000000e+00	2.047400000000e+00	2.900000000000e+00	3.530000000000e-01	5.000000000000e-01	1.447730423801e+00	2.050609665441e+00	1.447730423801e+00	2.050609665441e+00	3.530000000000e-01	5.000000000000e-01	3.530000000000e-01	5.000000000000e-01	-3.883000000000e-01	-5.500000000000e-01	-3.883000000000e-01	-5.500000000000e-01	4.492956487659e-01	6.363961030679e-01	-4.992173875177e-01	-7.071067811865e-01	1.497652162553e+00	2.121320343560e+00	-1.996869550071e-01	-2.828427124746e-01	1.447730423801e+00	-2.828427124746e-01	3.530000000000e-01	5.000000000000e-01	
   2	JET	7.500000000000e-01	3.240000000000e+02	3.190000000000e+02	3.100000000000e+01	4.100000000000e+00	8.990000000000e-01	2.900000000000e+00	1.550000000000e-01	5.000000000000e-01	9.644936495385e-01	3.111269837221e+00	9.644936495385e-01	3.111269837221e+00	4.340000000000e-01	1.400000000000e+00	4.340000000000e-01	1.400000000000e+00	-3.875000000000e-01	-1.250000000000e+00	-3.875000000000e-01	-1.250000000000e+00	1.315218613007e-01	4.242640687119e-01	-1.096015510839e-01	-3.535533905933e-01	1.096015510839e-01	3.535533905933e-01	-1.534421715175e-01	-4.949747468306e-01	9.644936495385e-01	-2.121320343560e-01	1.550000000000e-01	5.000000000000e-01	
   3	JET	7.500000000000e-01	9.000000000000e+02	3.190000000000e+02	8.070000000000e+00	6.400000000000e+00	2.340300000000e-01	2.900000000000e+00	4.035000000000e-02	5.000000000000e-01	3.024366413813e-01	3.747665940289e+00	3.024366413813e-01	3.747665940289e+00	1.412250000000e-01	1.750000000000e+00	1.412250000000e-01	1.750000000000e+00	-1.371900000000e-01	-1.700000000000e+00	-1.371900000000e-01	-1.700000000000e+00	1.711905517253e-02	2.121320343560e-01	-5.706351724175e-03	-7.071067811865e-02	2.853175862088e-02	3.535533905933e-01	-2.282540689670e-02	-2.828427124746e-01	3.024366413813e-01	-7.071067811865e-02	4.035000000000e-02	5.000000000000e-01	
   4	JET	7.500000000000e-01	2.500000000000e+03	3.190000000000e+02	9.180000000000e-01	1.530000000000e+01	2.662200000000e-02	2.900000000000e+00	4.590000000000e-03	5.000000000000e-01	8.373699924167e-02	9.121677477306e+00	8.373699924167e-02	9.121677477306e+00	5.370300000000e-02	5.850000000000e+00	5.370300000000e-02	5.850000000000e+00	-2.432700000000e-02	-2.650000000000e+00	-2.432700000000e-02	-2.650000000000e+00	1.298248050259e-03	1.414213562373e-01	-6.491240251293e-04	-7.071067811865e-02	0.000000000000e+00	0.000000000000e+00	-3.245620125646e-03	-3.535533905933e-01	8.373699924167e-02	-1.414213562373e-01	4.590000000000e-03	5.000000000000e-01	
   5	JET	7.500000000000e-01	1.210000000000e+02	3.190000000000e+02	5.480000000000e+01	3.000000000000e+00	1.589200000000e+00	2.900000000000e+00	2.740000000000e-01	5.000000000000e-01	1.123734096662e+00	2.050609665441e+00	1.123734096662e+00	2.050609665441e+00	1.644000000000e-01	3.000000000000e-01	1.644000000000e-01	3.000000000000e-01	-2.740000000000e-01	-5.000000000000e-01	-2.740000000000e-01	-5.000000000000e-01	4.649934193083e-01	8.485281374239e-01	-3.874945160902e-01	-7.071067811865e-01	3.487450644812e-01	6.363961030679e-01	-2.324967096541e-01	-4.242640687119e-01	1.123734096662e+00	-2.121320343560e-01	2.740000000000e-01	5.000000000000e-01	
   6	JET	7.500000000000e-01	3.240000000000e+02	3.190000000000e+02	2.680000000000e+01	4.100000000000e+00	7.772000000000e-01	2.900000000000e+00	1.340000000000e-01	5.000000000000e-01	9.096221633184e-01	3.394112549695e+00	9.096221633184e-01	3.394112549695e+00	4.556000000000e-01	1.700000000000e+00	4.556000000000e-01	1.700000000000e+00	-3.216000000000e-01	-1.200000000000e+00	-3.216000000000e-01	-1.200000000000e+00	7.580184694320e-02	2.828427124746e-01	-7.580184694320e-02	-2.828427124746e-01	1.137027704148e-01	4.242640687119e-01	-1.137027704148e-01	-4.242640687119e-01	9.096221633184e-01	-2.121320343560e-01	1.340000000000e-01	5.000000000000e-01	
   7	JET	7.500000000000e-01	9.000000000000e+02	3.190000000000e+02	7.010000000000e+00	6.600000000000e+00	2.032900000000e-01	2.900000000000e+00	3.505000000000e-02	5.000000000000e-01	3.172363863115e-01	4.525483399594e+00	3.172363863115e-01	4.525483399594e+00	1.682400000000e-01	2.400000000000e+00	1.682400000000e-01	2.400000000000e+00	-1.191700000000e-01	-1.700000000000e+00	-1.191700000000e-01	-1.700000000000e+00	9.913637072235e-03	1.414213562373e-01	-9.913637072235e-03	-1.414213562373e-01	2.478409268059e-02	3.535533905933e-01	-2.974091121671e-02	-4.242640687119e-01	3.172363863115e-01	-2.828427124746e-01	3.505000000000e-02	5.000000000000e-01	
   8	JET	7.500000000000e-01	2.500000000000e+03	3.190000000000e+02	8.520000000000e-01	1.520000000000e+01	2.470800000000e-02	2.900000000000e+00	4.260000000000e-03	5.000000000000e-01	4.458166834025e-02	5.232590180780e+00	4.458166834025e-02	5.232590180780e+00	1.959600000000e-02	2.300000000000e+00	1.959600000000e-02	2.300000000000e+00	-2.044800000000e-02	-2.400000000000e+00	-2.044800000000e-02	-2.400000000000e+00	0.000000000000e+00	0.000000000000e+00	-1.204909955142e-03	-1.414213562373e-01	0.000000000000e+00	0.000000000000e+00	6.024549775709e-04	7.071067811865e-02	4.458166834025e-02	-2.121320343560e-01	4.260000000000e-03	5.000000000000e-01	
   9	JET	7.500000000000e-01	1.210000000000e+02	3.190000000000e+02	5.220000000000e+01	3.000000000000e+00	1.513800000000e+00	2.900000000000e+00	2.610000000000e-01	5.000000000000e-01	1.181151167294e+00	2.262741699797e+00	1.181151167294e+00	2.262741699797e+00	3.915000000000e-01	7.500000000000e-01	3.915000000000e-01	7.500000000000e-01	-2.610000000000e-01	-5.000000000000e-01	-2.610000000000e-01	-5.000000000000e-01	3.691097397794e-01	7.071067811865e-01	-3.691097397794e-01	-7.071067811865e-01	2.583768178456e-01	4.949747468306e-01	-3.691097397794e-01	-7.071067811865e-01	1.181151167294e+00	-2.121320343560e-01	2.610000000000e-01	5.000000000000e-01	
  10	JET	7.500000000000e-01	3.240000000000e+02	3.190000000000e+02	2.780000000000e+01	4.000000000000e+00	8.062000000000e-01	2.900000000000e+00	1.390000000000e-01	5.000000000000e-01	8.845905832644e-01	3.181980515339e+00	8.845905832644e-01	3.181980515339e+00	4.309000000000e-01	1.550000000000e+00	4.309000000000e-01	1.550000000000e+00	-3.058000000000e-01	-1.100000000000e+00	-3.058000000000e-01	-1.100000000000e+00	7.863027406794e-02	2.828427124746e-01	-7.863027406794e-02	-2.828427124746e-01	1.769181166529e-01	6.363961030679e-01	-1.376029796189e-01	-4.949747468306e-01	8.845905832644e-01	-1.414213562373e-01	1.112000000000e-01	4.000000000000e-01	
  11	JET	7.500000000000e-01	9.000000000000e+02	3.190000000000e+02	6.990000000000e+00	6.800000000000e+00	2.027100000000e-01	2.900000000000e+00	3.495000000000e-02	5.000000000000e-01	2.323057908232e-01	3.323401871577e+00	2.323057908232e-01	3.323401871577e+00	6.640500000000e-02	9.500000000000e-01	6.640500000000e-02	9.500000000000e-01	-1.293150000000e-01	-1.850000000000e+00	-1.293150000000e-01	-1.850000000000e+00	9.885352800988e-03	1.414213562373e-01	-4.942676400494e-03	-7.071067811865e-02	2.965605840296e-02	4.242640687119e-01	-4.942676400494e-02	-7.071067811865e-01	2.323057908232e-01	-0.000000000000e+00	2.796000000000e-02	4.000000000000e-01	
  12	JET	7.500000000000e-01	2.500000000000e+03	3.190000000000e+02	8.690000000000e-01	1.510000000000e+01	2.520100000000e-02	2.900000000000e+00	4.345000000000e-03	5.000000000000e-01	4.116987812102e-02	4.737615433950e+00	4.116987812102e-02	4.737615433950e+00	1.303500000000e-02	1.500000000000e+00	1.303500000000e-02	1.500000000000e+00	-2.476650000000e-02	-2.850000000000e+00	-2.476650000000e-02	-2.850000000000e+00	-0.000000000000e+00	-0.000000000000e+00	-1.228951585702e-03	-1.414213562373e-01	4.915806342809e-03	5.656854249492e-01	-1.843427378553e-03	-2.121320343560e-01	4.116987812102e-02	-7.071067811865e-02	3.476000000000e-03	4.000000000000e-01	
  13	JET	7.500000000000e-01	1.210000000000e+02	3.190000000000e+02	4.880000000000e+01	3.200000000000e+00	1.415200000000e+00	2.900000000000e+00	2.440000000000e-01	5.000000000000e-01	1.138724760423e+00	2.333452377916e+00	1.138724760423e+00	2.333452377916e+00	3.660000000000e-01	7.500000000000e-01	3.660000000000e-01	7.500000000000e-01	-3.416000000000e-01	-7.000000000000e-01	-3.416000000000e-01	-7.000000000000e-01	2.415476764533e-01	4.949747468306e-01	-2.415476764533e-01	-4.949747468306e-01	4.140817310628e-01	8.485281374239e-01	-3.795749201409e-01	-7.778174593052e-01	1.138724760423e+00	-1.414213562373e-01	1.952000000000e-01	4.000000000000e-01	
  14	JET	7.500000000000e-01	3.240000000000e+02	3.190000000000e+02	2.690000000000e+01	4.100000000000e+00	7.801000000000e-01	2.900000000000e+00	1.345000000000e-01	5.000000000000e-01	6.276986896593e-01	2.333452377916e+00	6.276986896593e-01	2.333452377916e+00	1.614000000000e-01	6.000000000000e-01	1.614000000000e-01	6.000000000000e-01	-2.690000000000e-01	-1.000000000000e+00	-2.690000000000e-01	-1.000000000000e+00	7.608468965567e-02	2.828427124746e-01	-7.608468965567e-02	-2.828427124746e-01	1.331482068974e-01	4.949747468306e-01	-1.331482068974e-01	-4.949747468306e-01	6.276986896593e-01	-7.071067811865e-02	1.076000000000e-01	4.000000000000e-01	
  15	JET	7.500000000000e-01	9.000000000000e+02	3.190000000000e+02	7.950000000000e+00	6.100000000000e+00	2.305500000000e-01	2.900000000000e+00	3.975000000000e-02	5.000000000000e-01	3.148039389843e-01	3.959797974645e+00	3.148039389843e-01	3.959797974645e+00	1.391250000000e-01	1.750000000000e+00	1.391250000000e-01	1.750000000000e+00	-1.431000000000e-01	-1.800000000000e+00	-1.431000000000e-01	-1.800000000000e+00	1.124299782087e-02	1.414213562373e-01	-2.248599564173e-02	-2.828427124746e-01	4.497199128346e-02	5.656854249492e-01	-4.497199128346e-02	-5.656854249492e-01	3.148039389843e-01	-7.071067811865e-02	2.385000000000e-02	3.000000000000e-01	
  16	JET	7.500000000000e-01	2.500000000000e+03	3.190000000000e+02	8.570000000000e-01	1.650000000000e+01	2.485300000000e-02	2.900000000000e+00	4.285000000000e-03	5.000000000000e-01	6.544697523950e-02	7.636753236815e+00	6.544697523950e-02	7.636753236815e+00	3.813650000000e-02	4.450000000000e+00	3.813650000000e-02	4.450000000000e+00	-2.356750000000e-02	-2.750000000000e+00	-2.356750000000e-02	-2.750000000000e+00	-6.059905114769e-04	-7.071067811865e-02	-6.059905114769e-04	-7.071067811865e-02	-6.059905114769e-04	-7.071067811865e-02	-6.059905114769e-04	-7.071067811865e-02	6.544697523950e-02	7.071067811865e-02	1.714000000000e-03	2.000000000000e-01	
  17	JET	7.500000000000e-01	1.210000000000e+02	3.190000000000e+02	4.330000000000e+01	3.500000000000e+00	1.255700000000e+00	2.900000000000e+00	2.165000000000e-01	5.000000000000e-01	1.071620326888e+00	2.474873734153e+00	1.071620326888e+00	2.474873734153e+00	4.763000000000e-01	1.100000000000e+00	4.763000000000e-01	1.100000000000e+00	-2.598000000000e-01	-6.000000000000e-01	-2.598000000000e-01	-6.000000000000e-01	1.530886181269e-01	3.535533905933e-01	-1.224708945015e-01	-2.828427124746e-01	1.530886181269e-01	3.535533905933e-01	-1.224708945015e-01	-2.828427124746e-01	1.071620326888e+00	-3.535533905933e-01	4.763000000000e-01	1.100000000000e+00	
  18	JET	7.500000000000e-01	3.240000000000e+02	3.190000000000e+02	2.850000000000e+01	4.000000000000e+00	8.265000000000e-01	2.900000000000e+00	1.425000000000e-01	5.000000000000e-01	6.650339277059e-01	2.333452377916e+00	6.650339277059e-01	2.333452377916e+00	1.995000000000e-01	7.000000000000e-01	1.995000000000e-01	7.000000000000e-01	-2.137500000000e-01	-7.500000000000e-01	-2.137500000000e-01	-7.500000000000e-01	2.015254326382e-02	7.071067811865e-02	-2.015254326382e-02	-7.071067811865e-02	1.209152595829e-01	4.242640687119e-01	-1.007627163191e-01	-3.535533905933e-01	6.650339277059e-01	-4.242640687119e-01	3.135000000000e-01	1.100000000000e+00	
  19	JET	7.500000000000e-01	9.000000000000e+02	3.190000000000e+02	1.070000000000e+01	4.900000000000e+00	3.103000000000e-01	2.900000000000e+00	5.350000000000e-02	5.000000000000e-01	3.480379577000e-01	3.252691193458e+00	3.480379577000e-01	3.252691193458e+00	1.444500000000e-01	1.350000000000e+00	1.444500000000e-01	1.350000000000e+00	0.000000000000e+00	0.000000000000e+00	0.000000000000e+00	0.000000000000e+00	5.516493986790e-305	5.155601856813e-304	0.000000000000e+00	0.000000000000e+00	5.260535739242e-311	4.916388541348e-310	0.000000000000e+00	0.000000000000e+00	3.480379577000e-01	4.916388541362e-310	7.439520987784e-311	6.952823353069e-310	
  20	JET	7.500000000000e-01	2.500000000000e+03	3.190000000000e+02	2.040000000000e+00	8.500000000000e+00	5.916000000000e-02	2.900000000000e+00	1.020000000000e-02	5.000000000000e-01	8.222237651637e-02	4.030508652763e+00	8.222237651637e-02	4.030508652763e+00	2.142000000000e-02	1.050000000000e+00	2.142000000000e-02	1.050000000000e+00	-4.590000000000e-02	-2.250000000000e+00	-4.590000000000e-02	-2.250000000000e+00	1.442497833621e-03	7.071067811865e-02	-0.000000000000e+00	-0.000000000000e+00	4.327493500862e-03	2.121320343560e-01	-4.327493500862e-03	-2.121320343560e-01	8.222237651637e-02	-1.414213562373e-01	2.040000000000e-02	1.000000000000e+00	
  21	JET	7.500000000000e-01	1.210000000000e+02	3.190000000000e+02	2.600000000000e+00	1.470000000000e+01	7.540000000000e-02	2.900000000000e+00	1.300000000000e-02	5.000000000000e-01	8.089301576774e-02	3.111269837221e+00	8.089301576774e-02	3.111269837221e+00	3.900000000000e-02	1.500000000000e+00	3.900000000000e-02	1.500000000000e+00	-1.170000000000e-02	-4.500000000000e-01	-1.170000000000e-02	-4.500000000000e-01	5.515432893255e-03	2.121320343560e-01	-9.192388155425e-03	-3.535533905933e-01	0.000000000000e+00	0.000000000000e+00	-2.941564209736e-02	-1.131370849898e+00	8.089301576774e-02	-2.121320343560e-01	4.940000000000e-02	1.900000000000e+00	
  22	JET	7.500000000000e-01	3.240000000000e+02	3.190000000000e+02	1.740000000000e+00	1.640000000000e+01	5.046000000000e-02	2.900000000000e+00	8.700000000000e-03	5.000000000000e-01	4.306280297426e-02	2.474873734153e+00	4.306280297426e-02	2.474873734153e+00	9.570000000000e-03	5.500000000000e-01	9.570000000000e-03	5.500000000000e-01	-1.044000000000e-02	-6.000000000000e-01	-1.044000000000e-02	-6.000000000000e-01	1.230365799265e-03	7.071067811865e-02	0.000000000000e+00	0.000000000000e+00	1.476438959118e-02	8.485281374239e-01	0.000000000000e+00	0.000000000000e+00	4.306280297426e-02	-2.828427124746e-01	3.132000000000e-02	1.800000000000e+00	
  23	JET	7.500000000000e-01	9.000000000000e+02	3.190000000000e+02	6.710000000000e-01	2.160000000000e+01	1.945900000000e-02	2.900000000000e+00	3.355000000000e-03	5.000000000000e-01	6.357879912361e-02	9.475230867900e+00	6.357879912361e-02	9.475230867900e+00	4.327950000000e-02	6.450000000000e+00	4.327950000000e-02	6.450000000000e+00	-6.710000000000e-03	-1.000000000000e+00	-6.710000000000e-03	-1.000000000000e+00	9.489373003523e-04	1.414213562373e-01	-1.423405950529e-03	-2.121320343560e-01	-9.489373003523e-04	-1.414213562373e-01	-0.000000000000e+00	-0.000000000000e+00	6.357879912361e-02	-3.535533905933e-01	1.207800000000e-02	1.800000000000e+00	
  24	JET	7.500000000000e-01	2.500000000000e+03	3.190000000000e+02	3.090000000000e-01	1.970000000000e+01	8.961000000000e-03	2.900000000000e+00	1.545000000000e-03	5.000000000000e-01	4.369919907733e-02	1.414213562373e+01	4.369919907733e-02	1.414213562373e+01	3.012750000000e-02	9.750000000000e+00	3.012750000000e-02	9.750000000000e+00	-4.326000000000e-03	-1.400000000000e+00	-4.326000000000e-03	-1.400000000000e+00	2.184959953866e-04	7.071067811865e-02	0.000000000000e+00	0.000000000000e+00	6.554879861599e-04	2.121320343560e-01	-1.966463958480e-03	-6.363961030679e-01	4.369919907733e-02	0.000000000000e+00	-5.562000000000e-03	-1.800000000000e+00	
