73.81 2.1 6.8 4.9 4.7 3.5 0.7 0.4 2.6 1.076
32.44 3.1 7.7 5.8 5.1 2.7 0.8 0.3 3.9 1.035
6.40 7.0 10.4 8.8 5.6 1.7 0.3 0.6 5.1 1.032
0.94 18.9 21.0 19.9 6.5 0.8 1.1 0.9 6.1 1.065
58.06 2.2 6.3 4.6 4.3 3.1 0.1 0.4 2.6 1.075
28.85 3.1 9.5 7.0 6.5 4.9 0.3 0.1 3.9 1.034
6.16 6.8 10.5 8.8 5.7 1.0 0.7 0.0 5.4 1.040
0.85 18.9 21.7 20.3 7.5 2.2 1.2 0.8 6.9 1.044
55.16 2.2 5.6 4.1 3.8 2.6 0.2 0.1 2.4 1.085
30.45 2.9 8.7 6.4 5.9 4.2 0.1 0.1 3.8 1.032
7.87 6.0 10.7 8.6 6.3 3.1 0.1 0.1 5.3 1.029
0.69 18.1 21.5 19.9 8.2 2.0 0.7 1.1 7.7 1.039
48.50 2.3 5.0 3.8 3.3 1.8 0.2 0.5 2.4 1.093
26.81 3.0 8.0 5.9 5.3 3.8 0.2 0.4 3.5 1.035
8.46 5.4 10.7 8.4 6.6 3.1 0.4 0.1 5.6 1.025
1.69 13.3 16.4 14.9 6.9 3.2 0.5 0.5 5.9 1.035
43.02 2.4 5.2 3.9 3.5 1.7 0.2 0.8 2.5 1.103
30.23 2.9 6.2 4.7 4.0 2.5 0.4 0.7 2.7 1.040
11.88 4.5 13.6 10.1 9.1 7.9 0.2 0.6 4.3 1.038
2.63 10.3 16.5 13.7 9.2 6.3 0.3 0.9 6.5 1.046
1.79 10.8 12.8 11.8 5.0 0.8 4.0 0.3 1.8 1.083
1.23 13.4 22.7 18.5 13.1 10.8 6.4 1.9 2.2 1.050
0.76 17.8 27.2 22.9 14.7 10.8 9.2 2.0 2.7 1.029
0.44 26.8 34.3 30.8 15.2 14.5 3.0 1.0 3.3 1.029
