0 2.5 0.771 0.014 0.144
0 3.0 0.871 0.012 0.077
0 3.5 1.003 0.017 0.065
0 4.0 1.237 0.042 0.093
1 2.5 0.890 0.010 0.102
1 3.0 0.998 0.009 0.066
1 3.5 1.054 0.011 0.064
1 4.0 1.324 0.030 0.089
2 2.5 0.982 0.012 0.073
2 3.0 1.095 0.010 0.064
2 3.5 1.120 0.014 0.065
2 4.0 1.391 0.032 0.086
3 2.5 1.006 0.013 0.067
3 3.0 1.077 0.013 0.060
3 3.5 1.110 0.016 0.064
3 4.0 1.410 0.045 0.107
4 2.5 1.036 0.017 0.065
4 3.0 1.077 0.017 0.061
4 3.5 1.079 0.023 0.061
4 4.0 1.237 0.065 0.163
5 2.5 1.027 0.024 0.063
5 3.0 0.992 0.023 0.058
5 3.5 1.002 0.032 0.062
5 4.0 2.009 0.301 0.483
6 2.5 1.089 0.034 0.067
6 3.0 0.999 0.032 0.063
6 3.5 1.125 0.056 0.096
6 4.0 0.000 0.000 0.000
7 2.5 0.973 0.042 0.064
7 3.0 1.012 0.046 0.072
7 3.5 1.170 0.100 0.181
7 4.0 0.000 0.000 0.000
8 2.5 0.935 0.054 0.067
8 3.0 0.906 0.056 0.082
8 3.5 1.468 0.222 0.301
8 4.0 0.000 0.000 0.000
9 2.5 1.103 0.081 0.088
9 3.0 1.107 0.103 0.130
9 3.5 0.000 0.000 0.000
9 4.0 0.000 0.000 0.000
