0 2.0 0.664 0.013 0.062
0 2.5 0.612 0.006 0.034
0 3.0 0.595 0.008 0.032
0 3.5 0.649 0.015 0.039
1 2.0 0.725 0.009 0.051
1 2.5 0.645 0.004 0.033
1 3.0 0.647 0.006 0.032
1 3.5 0.632 0.010 0.040
2 2.0 0.776 0.009 0.044
2 2.5 0.700 0.005 0.034
2 3.0 0.712 0.006 0.034
2 3.5 0.680 0.011 0.040
3 2.0 0.800 0.010 0.041
3 2.5 0.736 0.006 0.035
3 3.0 0.759 0.009 0.038
3 3.5 0.662 0.014 0.053
4 2.0 0.827 0.012 0.042
4 2.5 0.807 0.009 0.039
4 3.0 0.779 0.011 0.038
4 3.5 0.696 0.025 0.131
5 2.0 0.881 0.017 0.045
5 2.5 0.827 0.014 0.041
5 3.0 0.754 0.017 0.048
5 3.5 0.674 0.057 0.256
6 2.0 0.834 0.021 0.044
6 2.5 0.856 0.021 0.050
6 3.0 0.783 0.027 0.093
6 3.5 0.565 0.152 0.360
7 2.0 0.833 0.027 0.050
7 2.5 0.790 0.026 0.049
7 3.0 0.763 0.045 0.176
7 3.5 0.000 0.000 0.000
8 2.0 0.817 0.036 0.062
8 2.5 0.896 0.041 0.078
8 3.0 0.646 0.064 0.199
8 3.5 0.000 0.000 0.000
9 2.0 0.800 0.043 0.070
9 2.5 0.832 0.051 0.097
9 3.0 0.567 0.134 0.261
9 3.5 0.000 0.000 0.000
